Query: 1
Alignmnet time: 11.0909s.
Cost: 10
Band: 632.994

Query: 2
Alignmnet time: 0.235652s.
Cost: 5
Band: 8.672

Query: 3
Alignmnet time: 4.16816s.
Cost: 7
Band: 193.774

